{
 "cells": [
  {
   "cell_type": "markdown",
   "metadata": {},
   "source": [
    "## Importing the necessary libraries and reading in the csv"
   ]
  },
  {
   "cell_type": "code",
   "execution_count": 1,
   "metadata": {
    "scrolled": true
   },
   "outputs": [
    {
     "name": "stdout",
     "output_type": "stream",
     "text": [
      "Index(['id', 'date', 'price', 'bedrooms', 'bathrooms', 'sqft_living',\n",
      "       'sqft_lot', 'floors', 'waterfront', 'view', 'condition', 'grade',\n",
      "       'sqft_above', 'sqft_basement', 'yr_built', 'yr_renovated', 'zipcode',\n",
      "       'lat', 'long', 'sqft_living15', 'sqft_lot15'],\n",
      "      dtype='object')\n"
     ]
    },
    {
     "data": {
      "text/html": [
       "<div>\n",
       "<style scoped>\n",
       "    .dataframe tbody tr th:only-of-type {\n",
       "        vertical-align: middle;\n",
       "    }\n",
       "\n",
       "    .dataframe tbody tr th {\n",
       "        vertical-align: top;\n",
       "    }\n",
       "\n",
       "    .dataframe thead th {\n",
       "        text-align: right;\n",
       "    }\n",
       "</style>\n",
       "<table border=\"1\" class=\"dataframe\">\n",
       "  <thead>\n",
       "    <tr style=\"text-align: right;\">\n",
       "      <th></th>\n",
       "      <th>id</th>\n",
       "      <th>date</th>\n",
       "      <th>price</th>\n",
       "      <th>bedrooms</th>\n",
       "      <th>bathrooms</th>\n",
       "      <th>sqft_living</th>\n",
       "      <th>sqft_lot</th>\n",
       "      <th>floors</th>\n",
       "      <th>waterfront</th>\n",
       "      <th>view</th>\n",
       "      <th>...</th>\n",
       "      <th>grade</th>\n",
       "      <th>sqft_above</th>\n",
       "      <th>sqft_basement</th>\n",
       "      <th>yr_built</th>\n",
       "      <th>yr_renovated</th>\n",
       "      <th>zipcode</th>\n",
       "      <th>lat</th>\n",
       "      <th>long</th>\n",
       "      <th>sqft_living15</th>\n",
       "      <th>sqft_lot15</th>\n",
       "    </tr>\n",
       "  </thead>\n",
       "  <tbody>\n",
       "    <tr>\n",
       "      <td>0</td>\n",
       "      <td>2591820310</td>\n",
       "      <td>20141006T000000</td>\n",
       "      <td>365000.0</td>\n",
       "      <td>4</td>\n",
       "      <td>2.25</td>\n",
       "      <td>2070</td>\n",
       "      <td>8893</td>\n",
       "      <td>2.0</td>\n",
       "      <td>0</td>\n",
       "      <td>0</td>\n",
       "      <td>...</td>\n",
       "      <td>8</td>\n",
       "      <td>2070</td>\n",
       "      <td>0</td>\n",
       "      <td>1986</td>\n",
       "      <td>0</td>\n",
       "      <td>98058</td>\n",
       "      <td>47.4388</td>\n",
       "      <td>-122.162</td>\n",
       "      <td>2390</td>\n",
       "      <td>7700</td>\n",
       "    </tr>\n",
       "    <tr>\n",
       "      <td>1</td>\n",
       "      <td>7974200820</td>\n",
       "      <td>20140821T000000</td>\n",
       "      <td>865000.0</td>\n",
       "      <td>5</td>\n",
       "      <td>3.00</td>\n",
       "      <td>2900</td>\n",
       "      <td>6730</td>\n",
       "      <td>1.0</td>\n",
       "      <td>0</td>\n",
       "      <td>0</td>\n",
       "      <td>...</td>\n",
       "      <td>8</td>\n",
       "      <td>1830</td>\n",
       "      <td>1070</td>\n",
       "      <td>1977</td>\n",
       "      <td>0</td>\n",
       "      <td>98115</td>\n",
       "      <td>47.6784</td>\n",
       "      <td>-122.285</td>\n",
       "      <td>2370</td>\n",
       "      <td>6283</td>\n",
       "    </tr>\n",
       "    <tr>\n",
       "      <td>2</td>\n",
       "      <td>7701450110</td>\n",
       "      <td>20140815T000000</td>\n",
       "      <td>1038000.0</td>\n",
       "      <td>4</td>\n",
       "      <td>2.50</td>\n",
       "      <td>3770</td>\n",
       "      <td>10893</td>\n",
       "      <td>2.0</td>\n",
       "      <td>0</td>\n",
       "      <td>2</td>\n",
       "      <td>...</td>\n",
       "      <td>11</td>\n",
       "      <td>3770</td>\n",
       "      <td>0</td>\n",
       "      <td>1997</td>\n",
       "      <td>0</td>\n",
       "      <td>98006</td>\n",
       "      <td>47.5646</td>\n",
       "      <td>-122.129</td>\n",
       "      <td>3710</td>\n",
       "      <td>9685</td>\n",
       "    </tr>\n",
       "    <tr>\n",
       "      <td>3</td>\n",
       "      <td>9522300010</td>\n",
       "      <td>20150331T000000</td>\n",
       "      <td>1490000.0</td>\n",
       "      <td>3</td>\n",
       "      <td>3.50</td>\n",
       "      <td>4560</td>\n",
       "      <td>14608</td>\n",
       "      <td>2.0</td>\n",
       "      <td>0</td>\n",
       "      <td>2</td>\n",
       "      <td>...</td>\n",
       "      <td>12</td>\n",
       "      <td>4560</td>\n",
       "      <td>0</td>\n",
       "      <td>1990</td>\n",
       "      <td>0</td>\n",
       "      <td>98034</td>\n",
       "      <td>47.6995</td>\n",
       "      <td>-122.228</td>\n",
       "      <td>4050</td>\n",
       "      <td>14226</td>\n",
       "    </tr>\n",
       "    <tr>\n",
       "      <td>4</td>\n",
       "      <td>9510861140</td>\n",
       "      <td>20140714T000000</td>\n",
       "      <td>711000.0</td>\n",
       "      <td>3</td>\n",
       "      <td>2.50</td>\n",
       "      <td>2550</td>\n",
       "      <td>5376</td>\n",
       "      <td>2.0</td>\n",
       "      <td>0</td>\n",
       "      <td>0</td>\n",
       "      <td>...</td>\n",
       "      <td>9</td>\n",
       "      <td>2550</td>\n",
       "      <td>0</td>\n",
       "      <td>2004</td>\n",
       "      <td>0</td>\n",
       "      <td>98052</td>\n",
       "      <td>47.6647</td>\n",
       "      <td>-122.083</td>\n",
       "      <td>2250</td>\n",
       "      <td>4050</td>\n",
       "    </tr>\n",
       "  </tbody>\n",
       "</table>\n",
       "<p>5 rows × 21 columns</p>\n",
       "</div>"
      ],
      "text/plain": [
       "           id             date      price  bedrooms  bathrooms  sqft_living  \\\n",
       "0  2591820310  20141006T000000   365000.0         4       2.25         2070   \n",
       "1  7974200820  20140821T000000   865000.0         5       3.00         2900   \n",
       "2  7701450110  20140815T000000  1038000.0         4       2.50         3770   \n",
       "3  9522300010  20150331T000000  1490000.0         3       3.50         4560   \n",
       "4  9510861140  20140714T000000   711000.0         3       2.50         2550   \n",
       "\n",
       "   sqft_lot  floors  waterfront  view  ...  grade  sqft_above  sqft_basement  \\\n",
       "0      8893     2.0           0     0  ...      8        2070              0   \n",
       "1      6730     1.0           0     0  ...      8        1830           1070   \n",
       "2     10893     2.0           0     2  ...     11        3770              0   \n",
       "3     14608     2.0           0     2  ...     12        4560              0   \n",
       "4      5376     2.0           0     0  ...      9        2550              0   \n",
       "\n",
       "   yr_built  yr_renovated  zipcode      lat     long  sqft_living15  \\\n",
       "0      1986             0    98058  47.4388 -122.162           2390   \n",
       "1      1977             0    98115  47.6784 -122.285           2370   \n",
       "2      1997             0    98006  47.5646 -122.129           3710   \n",
       "3      1990             0    98034  47.6995 -122.228           4050   \n",
       "4      2004             0    98052  47.6647 -122.083           2250   \n",
       "\n",
       "   sqft_lot15  \n",
       "0        7700  \n",
       "1        6283  \n",
       "2        9685  \n",
       "3       14226  \n",
       "4        4050  \n",
       "\n",
       "[5 rows x 21 columns]"
      ]
     },
     "execution_count": 1,
     "metadata": {},
     "output_type": "execute_result"
    }
   ],
   "source": [
    "import itertools\n",
    "import numpy as np\n",
    "import pandas as pd \n",
    "from pandas.plotting import scatter_matrix\n",
    "from scipy import stats\n",
    "import matplotlib.pyplot as plt\n",
    "import seaborn as sns\n",
    "%matplotlib inline\n",
    "\n",
    "import pickle\n",
    "\n",
    "from sklearn.metrics import mean_squared_error, roc_curve, roc_auc_score, accuracy_score\n",
    "from sklearn.linear_model import LinearRegression\n",
    "from sklearn.model_selection import train_test_split\n",
    "from sklearn.preprocessing import PolynomialFeatures\n",
    "from sklearn.preprocessing import StandardScaler\n",
    "import statsmodels.api as sm\n",
    "from statsmodels.formula.api import ols\n",
    "df = pd.read_csv('kc_house_data_train.csv',index_col=0)\n",
    "print(df.columns)\n",
    "df.head()"
   ]
  },
  {
   "cell_type": "code",
   "execution_count": 2,
   "metadata": {},
   "outputs": [],
   "source": [
    "# splitting the DataFrame into its features and the control column\n",
    "control = ['price']\n",
    "features = ['id', 'date', 'bedrooms', 'bathrooms', 'sqft_living',\n",
    "       'sqft_lot', 'floors', 'waterfront', 'view', 'condition', 'grade',\n",
    "       'sqft_above', 'sqft_basement', 'yr_built', 'yr_renovated', 'zipcode',\n",
    "       'lat', 'long', 'sqft_living15', 'sqft_lot15']"
   ]
  },
  {
   "cell_type": "code",
   "execution_count": 3,
   "metadata": {},
   "outputs": [],
   "source": [
    "# Splitting the data for training and testing\n",
    "x_train, x_test, y_train, y_test = train_test_split(df[features], df[control], test_size=0.33, random_state=42)"
   ]
  },
  {
   "cell_type": "markdown",
   "metadata": {},
   "source": [
    "Getting a general picture of the correlations between features"
   ]
  },
  {
   "cell_type": "code",
   "execution_count": 4,
   "metadata": {
    "scrolled": false
   },
   "outputs": [
    {
     "data": {
      "text/html": [
       "<div>\n",
       "<style scoped>\n",
       "    .dataframe tbody tr th:only-of-type {\n",
       "        vertical-align: middle;\n",
       "    }\n",
       "\n",
       "    .dataframe tbody tr th {\n",
       "        vertical-align: top;\n",
       "    }\n",
       "\n",
       "    .dataframe thead th {\n",
       "        text-align: right;\n",
       "    }\n",
       "</style>\n",
       "<table border=\"1\" class=\"dataframe\">\n",
       "  <thead>\n",
       "    <tr style=\"text-align: right;\">\n",
       "      <th></th>\n",
       "      <th>id</th>\n",
       "      <th>bedrooms</th>\n",
       "      <th>bathrooms</th>\n",
       "      <th>sqft_living</th>\n",
       "      <th>sqft_lot</th>\n",
       "      <th>floors</th>\n",
       "      <th>waterfront</th>\n",
       "      <th>view</th>\n",
       "      <th>condition</th>\n",
       "      <th>grade</th>\n",
       "      <th>sqft_above</th>\n",
       "      <th>sqft_basement</th>\n",
       "      <th>yr_built</th>\n",
       "      <th>yr_renovated</th>\n",
       "      <th>zipcode</th>\n",
       "      <th>lat</th>\n",
       "      <th>long</th>\n",
       "      <th>sqft_living15</th>\n",
       "      <th>sqft_lot15</th>\n",
       "    </tr>\n",
       "  </thead>\n",
       "  <tbody>\n",
       "    <tr>\n",
       "      <td>id</td>\n",
       "      <td>1.000000</td>\n",
       "      <td>0.003491</td>\n",
       "      <td>0.004651</td>\n",
       "      <td>-0.010623</td>\n",
       "      <td>-0.131186</td>\n",
       "      <td>0.018977</td>\n",
       "      <td>0.001158</td>\n",
       "      <td>0.018505</td>\n",
       "      <td>-0.019370</td>\n",
       "      <td>0.006432</td>\n",
       "      <td>-0.011088</td>\n",
       "      <td>-0.001382</td>\n",
       "      <td>0.017431</td>\n",
       "      <td>-0.010054</td>\n",
       "      <td>-0.014391</td>\n",
       "      <td>-0.004202</td>\n",
       "      <td>0.024050</td>\n",
       "      <td>-0.002136</td>\n",
       "      <td>-0.136295</td>\n",
       "    </tr>\n",
       "    <tr>\n",
       "      <td>bedrooms</td>\n",
       "      <td>0.003491</td>\n",
       "      <td>1.000000</td>\n",
       "      <td>0.500410</td>\n",
       "      <td>0.567651</td>\n",
       "      <td>0.013755</td>\n",
       "      <td>0.169140</td>\n",
       "      <td>-0.013132</td>\n",
       "      <td>0.079205</td>\n",
       "      <td>0.034819</td>\n",
       "      <td>0.352471</td>\n",
       "      <td>0.467327</td>\n",
       "      <td>0.305468</td>\n",
       "      <td>0.157084</td>\n",
       "      <td>0.017996</td>\n",
       "      <td>-0.147437</td>\n",
       "      <td>0.003770</td>\n",
       "      <td>0.133360</td>\n",
       "      <td>0.386121</td>\n",
       "      <td>0.018853</td>\n",
       "    </tr>\n",
       "    <tr>\n",
       "      <td>bathrooms</td>\n",
       "      <td>0.004651</td>\n",
       "      <td>0.500410</td>\n",
       "      <td>1.000000</td>\n",
       "      <td>0.754987</td>\n",
       "      <td>0.080948</td>\n",
       "      <td>0.502512</td>\n",
       "      <td>0.060162</td>\n",
       "      <td>0.184248</td>\n",
       "      <td>-0.118913</td>\n",
       "      <td>0.665747</td>\n",
       "      <td>0.687031</td>\n",
       "      <td>0.285138</td>\n",
       "      <td>0.512901</td>\n",
       "      <td>0.042966</td>\n",
       "      <td>-0.205735</td>\n",
       "      <td>0.030958</td>\n",
       "      <td>0.230581</td>\n",
       "      <td>0.569915</td>\n",
       "      <td>0.086993</td>\n",
       "    </tr>\n",
       "    <tr>\n",
       "      <td>sqft_living</td>\n",
       "      <td>-0.010623</td>\n",
       "      <td>0.567651</td>\n",
       "      <td>0.754987</td>\n",
       "      <td>1.000000</td>\n",
       "      <td>0.168740</td>\n",
       "      <td>0.354907</td>\n",
       "      <td>0.103145</td>\n",
       "      <td>0.281996</td>\n",
       "      <td>-0.049325</td>\n",
       "      <td>0.765143</td>\n",
       "      <td>0.874738</td>\n",
       "      <td>0.442893</td>\n",
       "      <td>0.320253</td>\n",
       "      <td>0.049320</td>\n",
       "      <td>-0.199242</td>\n",
       "      <td>0.059472</td>\n",
       "      <td>0.238832</td>\n",
       "      <td>0.760276</td>\n",
       "      <td>0.178258</td>\n",
       "    </tr>\n",
       "    <tr>\n",
       "      <td>sqft_lot</td>\n",
       "      <td>-0.131186</td>\n",
       "      <td>0.013755</td>\n",
       "      <td>0.080948</td>\n",
       "      <td>0.168740</td>\n",
       "      <td>1.000000</td>\n",
       "      <td>-0.002346</td>\n",
       "      <td>0.021413</td>\n",
       "      <td>0.046814</td>\n",
       "      <td>-0.022434</td>\n",
       "      <td>0.116174</td>\n",
       "      <td>0.190848</td>\n",
       "      <td>-0.005275</td>\n",
       "      <td>0.067293</td>\n",
       "      <td>-0.000475</td>\n",
       "      <td>-0.130346</td>\n",
       "      <td>-0.067614</td>\n",
       "      <td>0.224439</td>\n",
       "      <td>0.139485</td>\n",
       "      <td>0.741002</td>\n",
       "    </tr>\n",
       "    <tr>\n",
       "      <td>floors</td>\n",
       "      <td>0.018977</td>\n",
       "      <td>0.169140</td>\n",
       "      <td>0.502512</td>\n",
       "      <td>0.354907</td>\n",
       "      <td>-0.002346</td>\n",
       "      <td>1.000000</td>\n",
       "      <td>0.022227</td>\n",
       "      <td>0.026172</td>\n",
       "      <td>-0.256053</td>\n",
       "      <td>0.457141</td>\n",
       "      <td>0.529149</td>\n",
       "      <td>-0.247438</td>\n",
       "      <td>0.486032</td>\n",
       "      <td>0.005488</td>\n",
       "      <td>-0.063541</td>\n",
       "      <td>0.055565</td>\n",
       "      <td>0.136040</td>\n",
       "      <td>0.283610</td>\n",
       "      <td>-0.006742</td>\n",
       "    </tr>\n",
       "    <tr>\n",
       "      <td>waterfront</td>\n",
       "      <td>0.001158</td>\n",
       "      <td>-0.013132</td>\n",
       "      <td>0.060162</td>\n",
       "      <td>0.103145</td>\n",
       "      <td>0.021413</td>\n",
       "      <td>0.022227</td>\n",
       "      <td>1.000000</td>\n",
       "      <td>0.408778</td>\n",
       "      <td>0.007985</td>\n",
       "      <td>0.087556</td>\n",
       "      <td>0.065078</td>\n",
       "      <td>0.092208</td>\n",
       "      <td>-0.025108</td>\n",
       "      <td>0.106909</td>\n",
       "      <td>0.032429</td>\n",
       "      <td>-0.016856</td>\n",
       "      <td>-0.050259</td>\n",
       "      <td>0.087434</td>\n",
       "      <td>0.030699</td>\n",
       "    </tr>\n",
       "    <tr>\n",
       "      <td>view</td>\n",
       "      <td>0.018505</td>\n",
       "      <td>0.079205</td>\n",
       "      <td>0.184248</td>\n",
       "      <td>0.281996</td>\n",
       "      <td>0.046814</td>\n",
       "      <td>0.026172</td>\n",
       "      <td>0.408778</td>\n",
       "      <td>1.000000</td>\n",
       "      <td>0.053768</td>\n",
       "      <td>0.247202</td>\n",
       "      <td>0.160583</td>\n",
       "      <td>0.284174</td>\n",
       "      <td>-0.056867</td>\n",
       "      <td>0.099962</td>\n",
       "      <td>0.088569</td>\n",
       "      <td>0.011706</td>\n",
       "      <td>-0.087936</td>\n",
       "      <td>0.277916</td>\n",
       "      <td>0.044930</td>\n",
       "    </tr>\n",
       "    <tr>\n",
       "      <td>condition</td>\n",
       "      <td>-0.019370</td>\n",
       "      <td>0.034819</td>\n",
       "      <td>-0.118913</td>\n",
       "      <td>-0.049325</td>\n",
       "      <td>-0.022434</td>\n",
       "      <td>-0.256053</td>\n",
       "      <td>0.007985</td>\n",
       "      <td>0.053768</td>\n",
       "      <td>1.000000</td>\n",
       "      <td>-0.129338</td>\n",
       "      <td>-0.150125</td>\n",
       "      <td>0.176080</td>\n",
       "      <td>-0.351770</td>\n",
       "      <td>-0.062953</td>\n",
       "      <td>0.011390</td>\n",
       "      <td>-0.014965</td>\n",
       "      <td>-0.114730</td>\n",
       "      <td>-0.085318</td>\n",
       "      <td>-0.013023</td>\n",
       "    </tr>\n",
       "    <tr>\n",
       "      <td>grade</td>\n",
       "      <td>0.006432</td>\n",
       "      <td>0.352471</td>\n",
       "      <td>0.665747</td>\n",
       "      <td>0.765143</td>\n",
       "      <td>0.116174</td>\n",
       "      <td>0.457141</td>\n",
       "      <td>0.087556</td>\n",
       "      <td>0.247202</td>\n",
       "      <td>-0.129338</td>\n",
       "      <td>1.000000</td>\n",
       "      <td>0.760529</td>\n",
       "      <td>0.170089</td>\n",
       "      <td>0.446649</td>\n",
       "      <td>0.000303</td>\n",
       "      <td>-0.191068</td>\n",
       "      <td>0.124168</td>\n",
       "      <td>0.206839</td>\n",
       "      <td>0.720725</td>\n",
       "      <td>0.122414</td>\n",
       "    </tr>\n",
       "    <tr>\n",
       "      <td>sqft_above</td>\n",
       "      <td>-0.011088</td>\n",
       "      <td>0.467327</td>\n",
       "      <td>0.687031</td>\n",
       "      <td>0.874738</td>\n",
       "      <td>0.190848</td>\n",
       "      <td>0.529149</td>\n",
       "      <td>0.065078</td>\n",
       "      <td>0.160583</td>\n",
       "      <td>-0.150125</td>\n",
       "      <td>0.760529</td>\n",
       "      <td>1.000000</td>\n",
       "      <td>-0.047061</td>\n",
       "      <td>0.425360</td>\n",
       "      <td>0.020674</td>\n",
       "      <td>-0.259284</td>\n",
       "      <td>0.009526</td>\n",
       "      <td>0.341947</td>\n",
       "      <td>0.734187</td>\n",
       "      <td>0.198584</td>\n",
       "    </tr>\n",
       "    <tr>\n",
       "      <td>sqft_basement</td>\n",
       "      <td>-0.001382</td>\n",
       "      <td>0.305468</td>\n",
       "      <td>0.285138</td>\n",
       "      <td>0.442893</td>\n",
       "      <td>-0.005275</td>\n",
       "      <td>-0.247438</td>\n",
       "      <td>0.092208</td>\n",
       "      <td>0.284174</td>\n",
       "      <td>0.176080</td>\n",
       "      <td>0.170089</td>\n",
       "      <td>-0.047061</td>\n",
       "      <td>1.000000</td>\n",
       "      <td>-0.126846</td>\n",
       "      <td>0.063413</td>\n",
       "      <td>0.069019</td>\n",
       "      <td>0.104963</td>\n",
       "      <td>-0.140351</td>\n",
       "      <td>0.208792</td>\n",
       "      <td>0.000031</td>\n",
       "    </tr>\n",
       "    <tr>\n",
       "      <td>yr_built</td>\n",
       "      <td>0.017431</td>\n",
       "      <td>0.157084</td>\n",
       "      <td>0.512901</td>\n",
       "      <td>0.320253</td>\n",
       "      <td>0.067293</td>\n",
       "      <td>0.486032</td>\n",
       "      <td>-0.025108</td>\n",
       "      <td>-0.056867</td>\n",
       "      <td>-0.351770</td>\n",
       "      <td>0.446649</td>\n",
       "      <td>0.425360</td>\n",
       "      <td>-0.126846</td>\n",
       "      <td>1.000000</td>\n",
       "      <td>-0.229034</td>\n",
       "      <td>-0.356054</td>\n",
       "      <td>-0.138966</td>\n",
       "      <td>0.422531</td>\n",
       "      <td>0.329534</td>\n",
       "      <td>0.084567</td>\n",
       "    </tr>\n",
       "    <tr>\n",
       "      <td>yr_renovated</td>\n",
       "      <td>-0.010054</td>\n",
       "      <td>0.017996</td>\n",
       "      <td>0.042966</td>\n",
       "      <td>0.049320</td>\n",
       "      <td>-0.000475</td>\n",
       "      <td>0.005488</td>\n",
       "      <td>0.106909</td>\n",
       "      <td>0.099962</td>\n",
       "      <td>-0.062953</td>\n",
       "      <td>0.000303</td>\n",
       "      <td>0.020674</td>\n",
       "      <td>0.063413</td>\n",
       "      <td>-0.229034</td>\n",
       "      <td>1.000000</td>\n",
       "      <td>0.073952</td>\n",
       "      <td>0.024632</td>\n",
       "      <td>-0.072812</td>\n",
       "      <td>-0.015600</td>\n",
       "      <td>0.004369</td>\n",
       "    </tr>\n",
       "    <tr>\n",
       "      <td>zipcode</td>\n",
       "      <td>-0.014391</td>\n",
       "      <td>-0.147437</td>\n",
       "      <td>-0.205735</td>\n",
       "      <td>-0.199242</td>\n",
       "      <td>-0.130346</td>\n",
       "      <td>-0.063541</td>\n",
       "      <td>0.032429</td>\n",
       "      <td>0.088569</td>\n",
       "      <td>0.011390</td>\n",
       "      <td>-0.191068</td>\n",
       "      <td>-0.259284</td>\n",
       "      <td>0.069019</td>\n",
       "      <td>-0.356054</td>\n",
       "      <td>0.073952</td>\n",
       "      <td>1.000000</td>\n",
       "      <td>0.258342</td>\n",
       "      <td>-0.566815</td>\n",
       "      <td>-0.279536</td>\n",
       "      <td>-0.147344</td>\n",
       "    </tr>\n",
       "    <tr>\n",
       "      <td>lat</td>\n",
       "      <td>-0.004202</td>\n",
       "      <td>0.003770</td>\n",
       "      <td>0.030958</td>\n",
       "      <td>0.059472</td>\n",
       "      <td>-0.067614</td>\n",
       "      <td>0.055565</td>\n",
       "      <td>-0.016856</td>\n",
       "      <td>0.011706</td>\n",
       "      <td>-0.014965</td>\n",
       "      <td>0.124168</td>\n",
       "      <td>0.009526</td>\n",
       "      <td>0.104963</td>\n",
       "      <td>-0.138966</td>\n",
       "      <td>0.024632</td>\n",
       "      <td>0.258342</td>\n",
       "      <td>1.000000</td>\n",
       "      <td>-0.127636</td>\n",
       "      <td>0.066978</td>\n",
       "      <td>-0.066301</td>\n",
       "    </tr>\n",
       "    <tr>\n",
       "      <td>long</td>\n",
       "      <td>0.024050</td>\n",
       "      <td>0.133360</td>\n",
       "      <td>0.230581</td>\n",
       "      <td>0.238832</td>\n",
       "      <td>0.224439</td>\n",
       "      <td>0.136040</td>\n",
       "      <td>-0.050259</td>\n",
       "      <td>-0.087936</td>\n",
       "      <td>-0.114730</td>\n",
       "      <td>0.206839</td>\n",
       "      <td>0.341947</td>\n",
       "      <td>-0.140351</td>\n",
       "      <td>0.422531</td>\n",
       "      <td>-0.072812</td>\n",
       "      <td>-0.566815</td>\n",
       "      <td>-0.127636</td>\n",
       "      <td>1.000000</td>\n",
       "      <td>0.333030</td>\n",
       "      <td>0.251017</td>\n",
       "    </tr>\n",
       "    <tr>\n",
       "      <td>sqft_living15</td>\n",
       "      <td>-0.002136</td>\n",
       "      <td>0.386121</td>\n",
       "      <td>0.569915</td>\n",
       "      <td>0.760276</td>\n",
       "      <td>0.139485</td>\n",
       "      <td>0.283610</td>\n",
       "      <td>0.087434</td>\n",
       "      <td>0.277916</td>\n",
       "      <td>-0.085318</td>\n",
       "      <td>0.720725</td>\n",
       "      <td>0.734187</td>\n",
       "      <td>0.208792</td>\n",
       "      <td>0.329534</td>\n",
       "      <td>-0.015600</td>\n",
       "      <td>-0.279536</td>\n",
       "      <td>0.066978</td>\n",
       "      <td>0.333030</td>\n",
       "      <td>1.000000</td>\n",
       "      <td>0.173864</td>\n",
       "    </tr>\n",
       "    <tr>\n",
       "      <td>sqft_lot15</td>\n",
       "      <td>-0.136295</td>\n",
       "      <td>0.018853</td>\n",
       "      <td>0.086993</td>\n",
       "      <td>0.178258</td>\n",
       "      <td>0.741002</td>\n",
       "      <td>-0.006742</td>\n",
       "      <td>0.030699</td>\n",
       "      <td>0.044930</td>\n",
       "      <td>-0.013023</td>\n",
       "      <td>0.122414</td>\n",
       "      <td>0.198584</td>\n",
       "      <td>0.000031</td>\n",
       "      <td>0.084567</td>\n",
       "      <td>0.004369</td>\n",
       "      <td>-0.147344</td>\n",
       "      <td>-0.066301</td>\n",
       "      <td>0.251017</td>\n",
       "      <td>0.173864</td>\n",
       "      <td>1.000000</td>\n",
       "    </tr>\n",
       "  </tbody>\n",
       "</table>\n",
       "</div>"
      ],
      "text/plain": [
       "                     id  bedrooms  bathrooms  sqft_living  sqft_lot    floors  \\\n",
       "id             1.000000  0.003491   0.004651    -0.010623 -0.131186  0.018977   \n",
       "bedrooms       0.003491  1.000000   0.500410     0.567651  0.013755  0.169140   \n",
       "bathrooms      0.004651  0.500410   1.000000     0.754987  0.080948  0.502512   \n",
       "sqft_living   -0.010623  0.567651   0.754987     1.000000  0.168740  0.354907   \n",
       "sqft_lot      -0.131186  0.013755   0.080948     0.168740  1.000000 -0.002346   \n",
       "floors         0.018977  0.169140   0.502512     0.354907 -0.002346  1.000000   \n",
       "waterfront     0.001158 -0.013132   0.060162     0.103145  0.021413  0.022227   \n",
       "view           0.018505  0.079205   0.184248     0.281996  0.046814  0.026172   \n",
       "condition     -0.019370  0.034819  -0.118913    -0.049325 -0.022434 -0.256053   \n",
       "grade          0.006432  0.352471   0.665747     0.765143  0.116174  0.457141   \n",
       "sqft_above    -0.011088  0.467327   0.687031     0.874738  0.190848  0.529149   \n",
       "sqft_basement -0.001382  0.305468   0.285138     0.442893 -0.005275 -0.247438   \n",
       "yr_built       0.017431  0.157084   0.512901     0.320253  0.067293  0.486032   \n",
       "yr_renovated  -0.010054  0.017996   0.042966     0.049320 -0.000475  0.005488   \n",
       "zipcode       -0.014391 -0.147437  -0.205735    -0.199242 -0.130346 -0.063541   \n",
       "lat           -0.004202  0.003770   0.030958     0.059472 -0.067614  0.055565   \n",
       "long           0.024050  0.133360   0.230581     0.238832  0.224439  0.136040   \n",
       "sqft_living15 -0.002136  0.386121   0.569915     0.760276  0.139485  0.283610   \n",
       "sqft_lot15    -0.136295  0.018853   0.086993     0.178258  0.741002 -0.006742   \n",
       "\n",
       "               waterfront      view  condition     grade  sqft_above  \\\n",
       "id               0.001158  0.018505  -0.019370  0.006432   -0.011088   \n",
       "bedrooms        -0.013132  0.079205   0.034819  0.352471    0.467327   \n",
       "bathrooms        0.060162  0.184248  -0.118913  0.665747    0.687031   \n",
       "sqft_living      0.103145  0.281996  -0.049325  0.765143    0.874738   \n",
       "sqft_lot         0.021413  0.046814  -0.022434  0.116174    0.190848   \n",
       "floors           0.022227  0.026172  -0.256053  0.457141    0.529149   \n",
       "waterfront       1.000000  0.408778   0.007985  0.087556    0.065078   \n",
       "view             0.408778  1.000000   0.053768  0.247202    0.160583   \n",
       "condition        0.007985  0.053768   1.000000 -0.129338   -0.150125   \n",
       "grade            0.087556  0.247202  -0.129338  1.000000    0.760529   \n",
       "sqft_above       0.065078  0.160583  -0.150125  0.760529    1.000000   \n",
       "sqft_basement    0.092208  0.284174   0.176080  0.170089   -0.047061   \n",
       "yr_built        -0.025108 -0.056867  -0.351770  0.446649    0.425360   \n",
       "yr_renovated     0.106909  0.099962  -0.062953  0.000303    0.020674   \n",
       "zipcode          0.032429  0.088569   0.011390 -0.191068   -0.259284   \n",
       "lat             -0.016856  0.011706  -0.014965  0.124168    0.009526   \n",
       "long            -0.050259 -0.087936  -0.114730  0.206839    0.341947   \n",
       "sqft_living15    0.087434  0.277916  -0.085318  0.720725    0.734187   \n",
       "sqft_lot15       0.030699  0.044930  -0.013023  0.122414    0.198584   \n",
       "\n",
       "               sqft_basement  yr_built  yr_renovated   zipcode       lat  \\\n",
       "id                 -0.001382  0.017431     -0.010054 -0.014391 -0.004202   \n",
       "bedrooms            0.305468  0.157084      0.017996 -0.147437  0.003770   \n",
       "bathrooms           0.285138  0.512901      0.042966 -0.205735  0.030958   \n",
       "sqft_living         0.442893  0.320253      0.049320 -0.199242  0.059472   \n",
       "sqft_lot           -0.005275  0.067293     -0.000475 -0.130346 -0.067614   \n",
       "floors             -0.247438  0.486032      0.005488 -0.063541  0.055565   \n",
       "waterfront          0.092208 -0.025108      0.106909  0.032429 -0.016856   \n",
       "view                0.284174 -0.056867      0.099962  0.088569  0.011706   \n",
       "condition           0.176080 -0.351770     -0.062953  0.011390 -0.014965   \n",
       "grade               0.170089  0.446649      0.000303 -0.191068  0.124168   \n",
       "sqft_above         -0.047061  0.425360      0.020674 -0.259284  0.009526   \n",
       "sqft_basement       1.000000 -0.126846      0.063413  0.069019  0.104963   \n",
       "yr_built           -0.126846  1.000000     -0.229034 -0.356054 -0.138966   \n",
       "yr_renovated        0.063413 -0.229034      1.000000  0.073952  0.024632   \n",
       "zipcode             0.069019 -0.356054      0.073952  1.000000  0.258342   \n",
       "lat                 0.104963 -0.138966      0.024632  0.258342  1.000000   \n",
       "long               -0.140351  0.422531     -0.072812 -0.566815 -0.127636   \n",
       "sqft_living15       0.208792  0.329534     -0.015600 -0.279536  0.066978   \n",
       "sqft_lot15          0.000031  0.084567      0.004369 -0.147344 -0.066301   \n",
       "\n",
       "                   long  sqft_living15  sqft_lot15  \n",
       "id             0.024050      -0.002136   -0.136295  \n",
       "bedrooms       0.133360       0.386121    0.018853  \n",
       "bathrooms      0.230581       0.569915    0.086993  \n",
       "sqft_living    0.238832       0.760276    0.178258  \n",
       "sqft_lot       0.224439       0.139485    0.741002  \n",
       "floors         0.136040       0.283610   -0.006742  \n",
       "waterfront    -0.050259       0.087434    0.030699  \n",
       "view          -0.087936       0.277916    0.044930  \n",
       "condition     -0.114730      -0.085318   -0.013023  \n",
       "grade          0.206839       0.720725    0.122414  \n",
       "sqft_above     0.341947       0.734187    0.198584  \n",
       "sqft_basement -0.140351       0.208792    0.000031  \n",
       "yr_built       0.422531       0.329534    0.084567  \n",
       "yr_renovated  -0.072812      -0.015600    0.004369  \n",
       "zipcode       -0.566815      -0.279536   -0.147344  \n",
       "lat           -0.127636       0.066978   -0.066301  \n",
       "long           1.000000       0.333030    0.251017  \n",
       "sqft_living15  0.333030       1.000000    0.173864  \n",
       "sqft_lot15     0.251017       0.173864    1.000000  "
      ]
     },
     "execution_count": 4,
     "metadata": {},
     "output_type": "execute_result"
    }
   ],
   "source": [
    "x_train.corr()"
   ]
  },
  {
   "cell_type": "markdown",
   "metadata": {},
   "source": [
    "### Level 1 making a linear model one feature at a time and storing the P values in a DataFrame"
   ]
  },
  {
   "cell_type": "code",
   "execution_count": 5,
   "metadata": {},
   "outputs": [],
   "source": [
    "# checking the p values for each individual column against the control\n",
    "list_of_features_and_p_val = []\n",
    "for feature in features:\n",
    "    formula = 'price~' + feature\n",
    "    lm = ols(formula,pd.concat([x_train,y_train],axis=1)).fit()\n",
    "    intercept_p = lm.pvalues[0]\n",
    "    p_val = lm.pvalues[1]\n",
    "    coef_intercept = lm.params[0]\n",
    "    feature_coef = lm.params[1]\n",
    "    list_of_features_and_p_val.append( [feature, intercept_p, p_val,coef_intercept,feature_coef])\n",
    "level_1 = pd.DataFrame(list_of_features_and_p_val,columns=['feature', 'intercept_p_val', 'feature_p_val','coef intercept','feature coef']).sort_values(by='feature_p_val')"
   ]
  },
  {
   "cell_type": "code",
   "execution_count": 6,
   "metadata": {
    "scrolled": false
   },
   "outputs": [
    {
     "data": {
      "text/html": [
       "<div>\n",
       "<style scoped>\n",
       "    .dataframe tbody tr th:only-of-type {\n",
       "        vertical-align: middle;\n",
       "    }\n",
       "\n",
       "    .dataframe tbody tr th {\n",
       "        vertical-align: top;\n",
       "    }\n",
       "\n",
       "    .dataframe thead th {\n",
       "        text-align: right;\n",
       "    }\n",
       "</style>\n",
       "<table border=\"1\" class=\"dataframe\">\n",
       "  <thead>\n",
       "    <tr style=\"text-align: right;\">\n",
       "      <th></th>\n",
       "      <th>feature</th>\n",
       "      <th>intercept_p_val</th>\n",
       "      <th>feature_p_val</th>\n",
       "      <th>coef intercept</th>\n",
       "      <th>feature coef</th>\n",
       "    </tr>\n",
       "  </thead>\n",
       "  <tbody>\n",
       "    <tr>\n",
       "      <td>3</td>\n",
       "      <td>bathrooms</td>\n",
       "      <td>8.471342e-01</td>\n",
       "      <td>0.000000e+00</td>\n",
       "      <td>1.661396e+03</td>\n",
       "      <td>2.556135e+05</td>\n",
       "    </tr>\n",
       "    <tr>\n",
       "      <td>4</td>\n",
       "      <td>sqft_living</td>\n",
       "      <td>6.831009e-21</td>\n",
       "      <td>0.000000e+00</td>\n",
       "      <td>-5.703629e+04</td>\n",
       "      <td>2.871947e+02</td>\n",
       "    </tr>\n",
       "    <tr>\n",
       "      <td>8</td>\n",
       "      <td>view</td>\n",
       "      <td>0.000000e+00</td>\n",
       "      <td>0.000000e+00</td>\n",
       "      <td>4.949389e+05</td>\n",
       "      <td>1.901912e+05</td>\n",
       "    </tr>\n",
       "    <tr>\n",
       "      <td>18</td>\n",
       "      <td>sqft_living15</td>\n",
       "      <td>3.391152e-29</td>\n",
       "      <td>0.000000e+00</td>\n",
       "      <td>-9.641421e+04</td>\n",
       "      <td>3.203535e+02</td>\n",
       "    </tr>\n",
       "    <tr>\n",
       "      <td>10</td>\n",
       "      <td>grade</td>\n",
       "      <td>0.000000e+00</td>\n",
       "      <td>0.000000e+00</td>\n",
       "      <td>-1.094603e+06</td>\n",
       "      <td>2.136572e+05</td>\n",
       "    </tr>\n",
       "    <tr>\n",
       "      <td>11</td>\n",
       "      <td>sqft_above</td>\n",
       "      <td>7.474560e-13</td>\n",
       "      <td>0.000000e+00</td>\n",
       "      <td>4.708195e+04</td>\n",
       "      <td>2.763000e+02</td>\n",
       "    </tr>\n",
       "    <tr>\n",
       "      <td>12</td>\n",
       "      <td>sqft_basement</td>\n",
       "      <td>0.000000e+00</td>\n",
       "      <td>3.404879e-289</td>\n",
       "      <td>4.612228e+05</td>\n",
       "      <td>2.744758e+02</td>\n",
       "    </tr>\n",
       "    <tr>\n",
       "      <td>2</td>\n",
       "      <td>bedrooms</td>\n",
       "      <td>4.322850e-30</td>\n",
       "      <td>4.065098e-247</td>\n",
       "      <td>1.391129e+05</td>\n",
       "      <td>1.195617e+05</td>\n",
       "    </tr>\n",
       "    <tr>\n",
       "      <td>16</td>\n",
       "      <td>lat</td>\n",
       "      <td>1.251363e-236</td>\n",
       "      <td>5.408479e-243</td>\n",
       "      <td>-3.837538e+07</td>\n",
       "      <td>8.182666e+05</td>\n",
       "    </tr>\n",
       "    <tr>\n",
       "      <td>7</td>\n",
       "      <td>waterfront</td>\n",
       "      <td>0.000000e+00</td>\n",
       "      <td>1.914104e-184</td>\n",
       "      <td>5.329302e+05</td>\n",
       "      <td>1.081097e+06</td>\n",
       "    </tr>\n",
       "    <tr>\n",
       "      <td>6</td>\n",
       "      <td>floors</td>\n",
       "      <td>2.004122e-164</td>\n",
       "      <td>2.539694e-177</td>\n",
       "      <td>2.740441e+05</td>\n",
       "      <td>1.796080e+05</td>\n",
       "    </tr>\n",
       "    <tr>\n",
       "      <td>14</td>\n",
       "      <td>yr_renovated</td>\n",
       "      <td>0.000000e+00</td>\n",
       "      <td>1.261131e-35</td>\n",
       "      <td>5.330129e+05</td>\n",
       "      <td>1.078021e+02</td>\n",
       "    </tr>\n",
       "    <tr>\n",
       "      <td>5</td>\n",
       "      <td>sqft_lot</td>\n",
       "      <td>0.000000e+00</td>\n",
       "      <td>4.805361e-22</td>\n",
       "      <td>5.290822e+05</td>\n",
       "      <td>8.648333e-01</td>\n",
       "    </tr>\n",
       "    <tr>\n",
       "      <td>19</td>\n",
       "      <td>sqft_lot15</td>\n",
       "      <td>0.000000e+00</td>\n",
       "      <td>3.561423e-19</td>\n",
       "      <td>5.271952e+05</td>\n",
       "      <td>1.153890e+00</td>\n",
       "    </tr>\n",
       "    <tr>\n",
       "      <td>13</td>\n",
       "      <td>yr_built</td>\n",
       "      <td>1.460204e-04</td>\n",
       "      <td>9.492665e-10</td>\n",
       "      <td>-8.864640e+05</td>\n",
       "      <td>7.248208e+02</td>\n",
       "    </tr>\n",
       "    <tr>\n",
       "      <td>15</td>\n",
       "      <td>zipcode</td>\n",
       "      <td>3.158424e-08</td>\n",
       "      <td>5.126810e-08</td>\n",
       "      <td>3.500391e+07</td>\n",
       "      <td>-3.513708e+02</td>\n",
       "    </tr>\n",
       "    <tr>\n",
       "      <td>9</td>\n",
       "      <td>condition</td>\n",
       "      <td>5.333697e-129</td>\n",
       "      <td>1.089768e-06</td>\n",
       "      <td>4.533331e+05</td>\n",
       "      <td>2.607816e+04</td>\n",
       "    </tr>\n",
       "    <tr>\n",
       "      <td>17</td>\n",
       "      <td>long</td>\n",
       "      <td>1.774969e-02</td>\n",
       "      <td>2.834638e-02</td>\n",
       "      <td>7.204597e+06</td>\n",
       "      <td>5.451491e+04</td>\n",
       "    </tr>\n",
       "    <tr>\n",
       "      <td>0</td>\n",
       "      <td>id</td>\n",
       "      <td>0.000000e+00</td>\n",
       "      <td>1.046423e-01</td>\n",
       "      <td>5.510272e+05</td>\n",
       "      <td>-1.967811e-06</td>\n",
       "    </tr>\n",
       "    <tr>\n",
       "      <td>1</td>\n",
       "      <td>date</td>\n",
       "      <td>9.893339e-21</td>\n",
